inverse_sqrt: 0.003223200000s
linear_regression: 0.020195600000s
merge_sort: 0.365724000000s
