inverse_sqrt: 0.003081400000s
linear_regression: 0.016960800000s
merge_sort: 0.327148200000s
